time elapsed: 0.08104705810546875
<class 'numpy.ndarray'>
(8, 8, 2)
[[[ 0.58874273  0.03112221]
  [ 1.2149246   0.05499172]
  [ 1.7577103   0.06001186]
  [ 2.195278    0.0645051 ]
  [ 2.5907931   0.11371374]
  [ 2.9263055   0.19333601]
  [ 3.1595833   0.32702398]
  [ 3.3270226   0.48237514]]

 [[ 0.60181     0.05963421]
  [ 1.1084805   0.0101459 ]
  [ 1.5165739  -0.21630502]
  [ 1.8674042  -0.6440642 ]
  [ 2.0863018  -1.20873   ]
  [ 2.1599655  -1.8551223 ]
  [ 2.1673276  -2.506052  ]
  [ 2.1285167  -3.0629354 ]]

 [[ 0.52239203  0.05434799]
  [ 1.0527035   0.2904868 ]
  [ 1.5968677   0.70451355]
  [ 2.108877    1.2317238 ]
  [ 2.5473022   1.7519236 ]
  [ 2.895878    2.2775626 ]
  [ 3.1536338   2.7723408 ]
  [ 3.3102188   3.1830797 ]]

 [[ 0.7021063   0.02443647]
  [ 1.3782448  -0.0900209 ]
  [ 1.984817   -0.37275195]
  [ 2.426154   -0.7753296 ]
  [ 2.6949391  -1.2680643 ]
  [ 2.833568   -1.7997408 ]
  [ 2.8476746  -2.343018  ]
  [ 2.672618   -2.877614  ]]

 [[ 0.7140683   0.0253005 ]
  [ 1.3814688  -0.07474613]
  [ 2.0484884  -0.31196213]
  [ 2.524262   -0.67684984]
  [ 2.8096418  -1.0910609 ]
  [ 3.1070933  -1.5094929 ]
  [ 3.4480412  -1.901665  ]
  [ 3.8389525  -2.2926083 ]]

 [[ 0.58448917  0.00629568]
  [ 1.2467966   0.02135897]
  [ 1.9221165   0.03556299]
  [ 2.494551    0.0853548 ]
  [ 2.9572244   0.16782188]
  [ 3.2958205   0.25320244]
  [ 3.5314147   0.3376813 ]
  [ 3.6147683   0.40684843]]

 [[ 0.9158938   0.0624218 ]
  [ 1.599632    0.10707235]
  [ 2.0837016   0.06946087]
  [ 2.4865263  -0.057688  ]
  [ 2.8688664  -0.2598238 ]
  [ 3.2393568  -0.536036  ]
  [ 3.5651672  -0.87624645]
  [ 3.7410822  -1.2483408 ]]

 [[ 0.7762524   0.0807209 ]
  [ 1.5077624   0.21531582]
  [ 2.0535016   0.4279313 ]
  [ 2.3377466   0.7050905 ]
  [ 2.4283926   0.9796896 ]
  [ 2.408855    1.2174077 ]
  [ 2.4644876   1.3539386 ]
  [ 2.4931958   1.3358912 ]]]
